# Recreate Houghton & Jinkerson's (2007) model
# In this activity, I have given you the data, however, you need to convert it
# so that lavaan can use it.
# You then need to fit and estimate the model in lavaan
N <- 269
M <- c(3.96, 4.12, 4.13, 3.97, 3.61, 3.3, 2.13, 1.63, 1.99, 3.86, 3.62, 3.5)
SD <- c(.939, 1.017, .937, .562, .76, .524, .585, .609, .731, .711, 1.124, 1.001)
varNames <- c("jdiw1", "jdiw2", "jdiw3", "forv", "uf1", "uf2", "das1", "das2", "das3", "eba","st", "mi")
lowTri <- "
1
.668 1
.635 .599 1
.263 .261 .164 1
.290 .315 .247 .486 1
.207 .245 .231 .251 .449 1
-.206 -.182 -.195 -.309 -.266 -.142 1
-.280 -.241 -.238 -.344 -.305 -.230 .753 1
-.258 -.244 -.185 -.255 -.255 -.215 .554 .587 1
.08 .096 .094 -.017 .151 .141 -.074 -.111 .016 1
.061 .028 -.035 -.058 -.051 -.003 -.04 -.04 -.018 .284 1
.113 .174 .059 .063 .138 .044 -.119 -.073 -.084 .563 .379 1
"
